0 0 -0
-5.03329 9.94277 18.3309
-0.395814 4.14647 20.8925
-11.0114 -2.7774 8.5121
-11.0203 6.90272 10.0666
0.75481 -1.76076 -0.171279
-10.5999 -0.946789 -3.41149
0.152601 -0.328445 10.2883
-9.25309 -1.93024 -3.85897
-0.573512 0.987671 2.71441
0.57725 -0.381776 -0.104329
-10.0038 -1.32743 -3.55929
-11.0066 1.15704 -0.824722
-6.69874 3.66017 5.75081
-1.5604 2.81365 7.25354
-11.5769 2.83242 3.73995
-1.93512 18.816 16.0067
-1.88039 4.058 11.1218
-11.6033 4.6916 9.87963
-1.22975 2.27874 10.2996
-9.4097 3.51417 -11.6105
11.4906 -7.89467 -4.00848
-0.0345629 0.627449 9.05388
-7.58054 9.06061 8.50697
1.06434 -3.49031 7.55201
2.18622 -1.85275 -5.80359
8.20283 -7.24585 -1.16405
3.21886 -4.80463 4.28401
-3.56125 -0.11056 2.11959
53.6386 -47.2701 -52.5809
6.33598 -2.2681 -9.2489
-3.74466 -0.183033 21.1191
-1.70284 1.20536 14.3288
-11.3792 6.28359 18.5575
-13.475 0.0427809 12.6158
-1.82338 3.1197 17.5996
-20.748 6.32568 19.7454
-0.700093 6.68594 20.7189
7.82351 5.2094 23.7543
-1.16956 8.10094 21.4816
6.51706 -25.6458 52.2544
7.81205 8.52233 24.3109
6.40754 10.7859 24.4765
-0.233899 -0.652633 20.0227
9.95422 6.00397 25.9326
3.63636 11.8269 24.8618
-4.23052 7.88806 17.7294
-4.51904 9.85561 18.0735
9.38029 7.35956 25.3411
-2.34813 1.09068 14.8047
9.51829 8.48049 24.451
8.04456 8.58954 23.9743
5.42461 7.79451 22.6748
7.00885 9.75236 22.997
4.62518 3.3722 14.1931
-3.49684 8.00081 -5.06596
-7.60716 2.36793 2.85839
-4.15175 8.63749 -6.66451
-8.28267 2.1199 3.57957
-10.3663 11.0999 11.8767
-8.85513 2.59046 5.47841
3.66218 1.28871 7.8013
5.32208 5.24967 12.8289
-9.57085 13.0625 12.4022
-10.677 10.2356 10.7018
3.04863 2.24317 9.45605
-10.141 10.5247 10.0767
5.39467 4.29659 14.4896
0.125987 10.5808 6.37019
-8.48593 10.7362 12.4091
2.90484 2.46263 9.1911
1.63645 9.87332 9.82903
-7.76692 -8.98308 -14.1837
-28.7637 -6.48706 27.4188
-9.66726 10.6049 9.06756
2.97265 3.19447 8.20546
3.37169 0.449875 8.92329
-37.2028 -43.5749 -17.831
-8.34854 -13.8883 26.4465
-32.9452 -15.4752 30.6505
-16.7398 6.43572 7.40534
-4.61328 -6.51794 22.7601
-33.3306 -29.4135 29.2378
-10.1052 -27.3427 24.6692
-35.932 -45.8988 20.5917
-36.6514 -50.4512 15.9572
-12.7017 -47.3713 8.34209
-41.6283 -57.5535 -9.32685
-13.3155 -50.922 1.41468
-42.246 -54.2398 -22.5081
-12.019 -42.2072 13.6352
-34.9501 -41.1814 24.5872
-10.8642 -37.264 18.2116
-14.9403 -51.6954 -12.9558
-37.0153 -53.9298 9.5503
-14.4815 -51.7402 -5.21052
-40.3557 -56.672 -3.70258
-38.1367 -54.9574 2.08645
-16.221 -52.5 -19.4249
-30.9606 1.87743 -4.11066
-30.4161 -11.2057 -7.20751
-42.2571 -56.9737 -14.2308
-17.0326 -52.1108 -24.3487
-17.7979 -49.0133 -30.3213
-4.15603 31.3877 16.9081
-24.3138 19.881 19.7775
-13.527 -40.1294 -25.7749
-31.4873 -25.1778 -9.78597
-8.72869 -25.3262 -17.9592
-5.8818 17.9192 7.63956
-26.9969 13.9395 14.1995
-4.30313 25.3417 14.501
-29.7753 7.72658 4.07598
-7.91689 11.2932 -4.04872
-7.19296 29.82 21.334
-25.0556 23.0047 19.1589
-32.8442 13.2812 24.2101
-30.5874 15.0728 23.0118
-9.16508 32.0817 19.2832
-16.9532 31.2173 20.5588
-13.118 31.639 20.1331
-32.8218 14.7643 23.6637
-28.0974 15.8479 21.2981
-19.4147 30.8853 20.573
-3.11279 18.6658 19.3593
-3.22096 17.8228 26.1342
-22.179 30.3822 20.802
-32.8779 13.1425 24.2761
-28.4223 14.9921 22.3901
-22.9119 29.894 21.1026
-30.1011 15.0009 23.4323
-24.9817 28.9773 22.4461
-3.00281 22.1869 21.7748
3.45669 16.6031 22.8735
-0.0834346 16.7259 24.7807
-13.1649 15.0403 22.4698
-9.59541 17.2243 21.7598
-3.90173 16.8017 24.4374
4.71806 6.58391 8.19841
-20.6324 24.9425 33.0382
-12.7437 15.857 22.737
-7.11064 22.195 36.1362
-10.5684 17.3002 30.3627
-20.37 15.4471 31.1389
-19.971 16.994 27.1408
-23.4866 14.1303 29.3986
-2.25025 17.2888 17.188
-17.3068 0.703688 11.3098
-18.9139 8.04059 13.5957
1.31769 15.1238 14.9982
2.97886 7.53874 9.37493
-19.0145 14.8854 21.3034
-12.9284 5.88818 13.6408
1.29075 2.56495 6.48968
6.5052 6.6307 7.9549
-14.1328 6.08389 13.9687
