0 0 0
0.0994277 -0.183309 -0.0503329
0.0414647 -0.208925 -0.00395814
-0.027774 -0.085121 -0.110114
0.0690272 -0.100666 -0.110203
-0.0176076 0.00171279 0.0075481
-0.00946789 0.0341149 -0.105999
-0.00328445 -0.102883 0.00152601
-0.0193024 0.0385897 -0.0925309
0.00987672 -0.0271441 -0.00573512
-0.00381776 0.00104329 0.0057725
-0.0132743 0.0355929 -0.100038
0.0115704 0.00824722 -0.110066
0.0366017 -0.0575081 -0.0669874
0.0281365 -0.0725354 -0.015604
0.0283242 -0.0373995 -0.115769
0.18816 -0.160067 -0.0193512
0.04058 -0.111218 -0.0188039
0.046916 -0.0987963 -0.116033
0.0227874 -0.102996 -0.0122975
0.0351417 0.116105 -0.094097
-0.0789467 0.0400849 0.114906
0.00627449 -0.0905388 -0.000345629
0.0906061 -0.0850697 -0.0758054
-0.0349031 -0.0755201 0.0106434
-0.0185275 0.0580359 0.0218622
-0.0724585 0.0116405 0.0820283
-0.0480463 -0.0428401 0.0321886
-0.0011056 -0.0211959 -0.0356125
-0.472701 0.525809 0.536386
-0.022681 0.092489 0.0633598
-0.00183033 -0.211191 -0.0374466
0.0120536 -0.143288 -0.0170284
0.0628359 -0.185575 -0.113792
0.000427809 -0.126158 -0.13475
0.031197 -0.175996 -0.0182338
0.0632568 -0.197454 -0.20748
0.0668594 -0.207189 -0.00700093
0.052094 -0.237543 0.0782351
0.0810094 -0.214816 -0.0116956
-0.256458 -0.522544 0.0651706
0.0852233 -0.243109 0.0781205
0.107859 -0.244765 0.0640754
-0.00652633 -0.200227 -0.00233899
0.0600397 -0.259326 0.0995422
0.118269 -0.248618 0.0363636
0.0788806 -0.177294 -0.0423051
0.0985561 -0.180735 -0.0451904
0.0735956 -0.253411 0.0938029
0.0109068 -0.148047 -0.0234813
0.0848049 -0.24451 0.0951829
0.0858954 -0.239743 0.0804456
0.0779451 -0.226748 0.0542461
0.0975236 -0.22997 0.0700885
0.033722 -0.141931 0.0462518
0.0800081 0.0506596 -0.0349684
0.0236793 -0.0285839 -0.0760716
0.0863749 0.0666451 -0.0415175
0.021199 -0.0357957 -0.0828267
0.110999 -0.118767 -0.103663
0.0259046 -0.0547841 -0.0885513
0.0128871 -0.078013 0.0366218
0.0524967 -0.128289 0.0532208
0.130625 -0.124022 -0.0957085
0.102356 -0.107018 -0.10677
0.0224317 -0.0945605 0.0304863
0.105247 -0.100767 -0.10141
0.0429659 -0.144896 0.0539467
0.105808 -0.0637019 0.00125987
0.107362 -0.124091 -0.0848593
0.0246263 -0.091911 0.0290484
0.0987332 -0.0982903 0.0163645
-0.0898308 0.141837 -0.0776692
-0.0648706 -0.274188 -0.287637
0.106049 -0.0906756 -0.0966727
0.0319447 -0.0820546 0.0297265
0.00449875 -0.0892329 0.0337169
-0.435749 0.17831 -0.372028
-0.138883 -0.264465 -0.0834854
-0.154752 -0.306505 -0.329452
0.0643572 -0.0740534 -0.167398
-0.0651794 -0.227601 -0.0461328
-0.294135 -0.292378 -0.333306
-0.273427 -0.246692 -0.101052
-0.458988 -0.205917 -0.35932
-0.504512 -0.159572 -0.366514
-0.473713 -0.0834209 -0.127017
-0.575535 0.0932685 -0.416283
-0.50922 -0.0141468 -0.133155
-0.542398 0.225081 -0.42246
-0.422072 -0.136352 -0.12019
-0.411814 -0.245872 -0.349501
-0.37264 -0.182116 -0.108642
-0.516954 0.129558 -0.149403
-0.539298 -0.095503 -0.370153
-0.517402 0.0521052 -0.144815
-0.56672 0.0370258 -0.403557
-0.549574 -0.0208645 -0.381367
-0.525 0.194249 -0.16221
0.0187743 0.0411066 -0.309606
-0.112057 0.0720751 -0.304161
-0.569737 0.142308 -0.422571
-0.521108 0.243487 -0.170326
-0.490133 0.303213 -0.177979
0.313877 -0.169081 -0.0415603
0.19881 -0.197775 -0.243138
-0.401294 0.257749 -0.13527
-0.251778 0.0978597 -0.314873
-0.253262 0.179592 -0.0872869
0.179192 -0.0763956 -0.058818
0.139395 -0.141995 -0.269969
0.253417 -0.14501 -0.0430313
0.0772658 -0.0407598 -0.297753
0.112932 0.0404872 -0.0791689
0.2982 -0.21334 -0.0719296
0.230047 -0.191589 -0.250556
0.132812 -0.242101 -0.328442
0.150728 -0.230118 -0.305874
0.320817 -0.192832 -0.0916508
0.312173 -0.205588 -0.169532
0.31639 -0.201331 -0.13118
0.147643 -0.236637 -0.328218
0.158479 -0.212981 -0.280974
0.308853 -0.20573 -0.194147
0.186658 -0.193593 -0.0311279
0.178228 -0.261342 -0.0322096
0.303822 -0.20802 -0.22179
0.131425 -0.242761 -0.328779
0.149921 -0.223901 -0.284223
0.29894 -0.211026 -0.229119
0.150009 -0.234323 -0.301011
0.289773 -0.224461 -0.249817
0.221869 -0.217748 -0.0300281
0.166031 -0.228735 0.0345669
0.167259 -0.247807 -0.000834346
0.150403 -0.224698 -0.131649
0.172243 -0.217598 -0.0959541
0.168017 -0.244374 -0.0390173
0.0658391 -0.0819841 0.0471806
0.249425 -0.330382 -0.206324
0.15857 -0.22737 -0.127437
0.22195 -0.361362 -0.0711064
0.173002 -0.303627 -0.105684
0.154471 -0.311389 -0.2037
0.16994 -0.271408 -0.19971
0.141303 -0.293986 -0.234866
0.172888 -0.17188 -0.0225025
0.00703688 -0.113098 -0.173068
0.0804059 -0.135957 -0.189139
0.151238 -0.149982 0.0131769
0.0753874 -0.0937493 0.0297886
0.148854 -0.213034 -0.190145
0.0588818 -0.136408 -0.129284
0.0256495 -0.0648968 0.0129075
0.066307 -0.079549 0.065052
0.0608389 -0.139687 -0.141328
